
v = 1: 4: 13
v1 = linspace(1,13,4)